6 
6 -43 
6 -43 19 
6 -43 19 33 
6 -43 19 33 -13 
6 -43 19 14 33 -13 
6 -43 19 14 33 -13 34 
6 -43 19 14 33 -13 34 30 
6 -43 19 14 33 -13 17 34 30 
-23 6 -43 19 14 33 -13 17 34 30 
-23 6 -43 -47 19 14 33 -13 17 34 30 
-23 6 -43 -47 19 14 33 -13 -37 17 34 30 
-23 6 -43 -47 19 14 33 -13 -37 17 34 30 41 
-23 6 -43 -47 19 14 33 -13 42 -37 17 34 30 41 
-23 6 -43 -47 19 14 33 0 -13 42 -37 17 34 30 41 
34 -23 6 -43 -47 19 14 33 0 -13 42 -37 17 34 30 41 
-46 34 -23 6 -43 -47 19 14 33 0 -13 42 -37 17 34 30 41 
-41 -46 34 -23 6 -43 -47 19 14 33 0 -13 42 -37 17 34 30 41 
-41 -46 34 -23 6 -43 -47 19 14 33 0 -13 42 -37 17 34 30 41 -11 
-41 -46 34 -23 6 -43 -47 19 14 33 0 21 -13 42 -37 17 34 30 41 -11 
37 -41 -46 34 -23 6 -43 -47 19 14 33 0 21 -13 42 -37 17 34 30 41 -11 
37 -41 -46 34 -23 6 -43 -47 19 14 33 0 21 -13 42 -37 17 34 30 41 -11 -29 
37 -41 -24 -46 34 -23 6 -43 -47 19 14 33 0 21 -13 42 -37 17 34 30 41 -11 -29 
-39 37 -41 -24 -46 34 -23 6 -43 -47 19 14 33 0 21 -13 42 -37 17 34 30 41 -11 -29 
-29 -11 41 30 34 17 -37 42 -13 21 0 33 14 19 -47 -43 6 -23 34 -46 -24 -41 37 
37 -41 -24 -46 34 -23 6 -43 -47 19 14 33 0 21 -13 42 -37 17 34 30 41 -11 
-11 41 30 34 17 -37 42 -13 21 0 33 14 19 -47 -43 6 -23 34 -46 -41 37 
34
-11 41 30 34 48 17 -37 42 -13 21 0 33 14 19 -47 -43 6 -23 34 -46 -41 37 
-11 41 30 -33 34 48 17 -37 42 -13 21 0 33 14 19 -47 -43 6 -23 34 -46 -41 37 
37 -41 -46 34 -23 6 -43 -47 19 14 33 0 21 -13 42 -37 17 48 34 -33 41 -11 
-11 41 -33 34 48 17 -37 42 -13 21 0 33 14 19 -47 -43 6 -23 34 -41 37 
-11 41 -33 34 48 17 -37 42 -13 21 0 33 14 19 -47 -43 6 -23 34 -41 37 12 
-35 -11 41 -33 34 48 17 -37 42 -13 21 0 33 14 19 -47 -43 6 -23 34 -41 37 12 
37 -41 34 -23 6 -43 -47 19 14 33 0 21 -13 42 -37 17 48 34 -33 41 -11 -35 
-24 37 -41 34 -23 6 -43 -47 19 14 33 0 21 -13 42 -37 17 48 34 -33 41 -11 -35 
-24 37 -41 34 -23 6 -43 -47 19 14 33 0 21 -13 42 -37 17 48 34 -33 41 -11 -35 -32 
-24 37 -41 34 -23 6 -14 -43 -47 19 14 33 0 21 -13 42 -37 17 48 34 -33 41 -11 -35 -32 
25
-24 37 -41 34 -23 6 -14 -43 -47 19 14 33 0 21 -13 42 -37 17 48 34 -33 41 -11 -35 -32 34 
-24 37 -41 34 -23 -17 6 -14 -43 -47 19 14 33 0 21 -13 42 -37 17 48 34 -33 41 -11 -35 -32 34 
-48 -24 37 -41 34 -23 -17 6 -14 -43 -47 19 14 33 0 21 -13 42 -37 17 48 34 -33 41 -11 -35 -32 34 
-41
33
34 -32 -35 -11 41 -33 34 48 17 -37 42 -13 21 0 33 14 19 -47 -43 -14 6 -17 -23 34 37 -24 -48 
-50 34 -32 -35 -11 41 -33 34 48 17 -37 42 -13 21 0 33 14 19 -47 -43 -14 6 -17 -23 34 37 -24 -48 
28
-24 37 34 -23 -17 6 -14 -43 -47 19 14 33 0 21 -13 42 -37 17 48 34 -33 41 -11 -35 -32 34 -50 
34 -32 -35 -11 41 -33 34 48 17 -37 42 -13 21 0 33 14 19 -47 -43 -14 6 -17 -23 34 37 -24 
34 -32 -35 -11 41 -33 34 48 17 -37 42 -13 21 0 33 14 19 -47 -43 -14 6 -17 -23 34 37 -24 -42 
-35
25 34 -32 -35 -11 41 -33 34 48 17 -37 42 -13 21 0 33 14 19 -47 -43 -14 6 -17 -23 34 37 -24 -42 
25 34 -32 -35 -11 41 -33 34 48 17 -37 38 42 -13 21 0 33 14 19 -47 -43 -14 6 -17 -23 34 37 -24 -42 
17
-24 37 34 -23 -17 6 -14 -43 -47 19 14 33 0 21 -13 42 38 -37 17 48 34 -33 41 -11 -35 -32 34 25 
-30 -24 37 34 -23 -17 6 -14 -43 -47 19 14 33 0 21 -13 42 38 -37 17 48 34 -33 41 -11 -35 -32 34 25 
29
-30 -24 37 34 -23 -17 6 -14 -43 -47 19 14 33 0 21 -13 42 38 -37 17 48 34 -33 41 -11 -35 -32 34 25 16 
16 25 34 -32 -35 -11 41 -33 34 48 17 -37 38 42 -13 21 0 33 14 19 -47 -43 -14 6 -17 -23 34 37 -24 
16 25 34 -32 -35 -11 41 -33 34 48 17 -37 38 42 -13 21 0 33 14 19 -47 -43 -14 6 -17 -23 34 37 -24 -33 
47 16 25 34 -32 -35 -11 41 -33 34 48 17 -37 38 42 -13 21 0 33 14 19 -47 -43 -14 6 -17 -23 34 37 -24 -33 
-33 -24 37 34 -23 -17 6 -14 -43 -47 19 14 33 0 21 -13 42 38 -37 17 48 34 -33 41 -11 -35 -32 34 25 16 
16 25 34 -32 -35 -11 41 -33 34 48 17 -37 38 -13 21 0 33 14 19 -47 -43 -14 6 -17 -23 34 37 -24 -33 
0
16 25 34 -32 -35 -11 41 -33 34 48 17 -37 38 -13 21 0 33 -16 14 19 -47 -43 -14 6 -17 -23 34 37 -24 -33 
-33 -24 37 34 -23 -17 6 -14 -43 -47 19 14 -16 33 0 21 -13 38 -37 17 48 34 -33 41 -11 -35 -32 34 25 
29
-33 -24 37 34 -23 -17 6 -14 -43 -47 19 14 -16 -13 33 0 21 -13 38 -37 17 48 34 -33 41 -11 -35 -32 34 25 
25 34 -32 -35 -11 41 -33 34 48 17 -37 38 -13 21 0 33 -13 -16 14 19 -47 -43 -14 6 -17 -23 34 37 -24 
25 34 -32 -35 -11 41 -33 34 48 17 -37 38 -13 21 0 33 -13 -16 14 19 -47 -43 -14 6 -17 -23 34 37 -24 21 
21 -24 37 34 -23 -17 6 -14 -43 -47 19 14 -16 -13 33 0 21 -13 38 -37 17 48 34 -33 41 -11 -35 -32 34 
-40 21 -24 37 34 -23 -17 6 -14 -43 -47 19 14 -16 -13 33 0 21 -13 38 -37 17 48 34 -33 41 -11 -35 -32 34 
-40 21 -24 37 34 -23 -17 6 -14 -43 -47 19 14 -16 -13 33 0 21 -13 38 -37 17 48 34 -33 41 -11 -35 -32 34 -36 
-40 21 -24 37 34 -23 -17 6 -14 -43 -47 19 14 -16 -13 33 0 21 -13 38 -37 17 48 34 -33 41 -11 -35 -32 34 -36 -4 
-3 -40 21 -24 37 34 -23 -17 6 -14 -43 -47 19 14 -16 -13 33 0 21 -13 38 -37 17 48 34 -33 41 -11 -35 -32 34 -36 -4 
33
-3 -40 21 -24 37 34 -23 -17 6 -14 -43 -47 19 14 -16 -13 33 0 21 -13 38 -37 17 48 34 -33 41 -11 -35 -32 34 -36 -4 21 
34
-3 -40 21 -24 37 34 -23 -17 6 -14 -43 -47 19 14 -4 -16 -13 33 0 21 -13 38 -37 17 48 34 -33 41 -11 -35 -32 34 -36 -4 21 
-3 -40 21 -24 37 34 -23 -17 6 -14 -43 -47 19 14 -4 -16 -13 33 0 21 -13 38 -37 17 48 34 -33 41 -11 -35 -32 34 -36 -4 21 -12 
6
36
36
-3 -40 21 -24 37 34 -23 19 -17 6 -14 -43 -47 19 14 -4 -16 -13 33 0 21 -13 38 -37 17 48 34 -33 41 -11 -35 -32 34 -36 -4 21 -12 
0 -3 -40 21 -24 37 34 -23 19 -17 6 -14 -43 -47 19 14 -4 -16 -13 33 0 21 -13 38 -37 17 48 34 -33 41 -11 -35 -32 34 -36 -4 21 -12 
8 0 -3 -40 21 -24 37 34 -23 19 -17 6 -14 -43 -47 19 14 -4 -16 -13 33 0 21 -13 38 -37 17 48 34 -33 41 -11 -35 -32 34 -36 -4 21 -12 
8 0 -3 -40 21 -24 -31 37 34 -23 19 -17 6 -14 -43 -47 19 14 -4 -16 -13 33 0 21 -13 38 -37 17 48 34 -33 41 -11 -35 -32 34 -36 -4 21 -12 
21 -4 -36 34 -32 -35 -11 41 -33 34 48 17 -37 38 -13 21 0 33 -13 -16 -4 14 19 -47 -43 -14 6 -17 19 -23 34 37 -31 -24 21 -40 -3 0 8 
8 0 -3 -40 21 -24 -31 37 34 -23 19 -17 6 -14 -43 -47 19 14 -4 -16 -13 33 0 21 -13 38 -37 17 48 34 -33 41 -11 -35 -32 34 -36 -4 
8 0 -3 -40 21 -24 -31 37 34 -23 19 -17 6 -14 -43 -47 19 14 -4 -16 -13 33 0 21 -13 38 -37 17 48 34 -33 41 -11 -35 -32 34 -36 -4 4 
-4 -36 34 -32 -35 -11 41 -33 34 48 17 -37 38 -13 21 0 33 -13 -16 -4 14 19 -47 -43 -14 6 -17 19 -23 34 37 -31 -24 21 -40 -3 0 8 
8 0 -3 -40 21 -24 -31 37 34 -23 19 -17 6 -14 -43 -47 19 14 -4 -16 -13 33 0 21 -13 38 -37 17 48 34 -33 41 -11 -35 -32 34 -36 
-30 8 0 -3 -40 21 -24 -31 37 34 -23 19 -17 6 -14 -43 -47 19 14 -4 -16 -13 33 0 21 -13 38 -37 17 48 34 -33 41 -11 -35 -32 34 -36 
-17
-36 34 -32 -35 -11 41 -33 34 48 17 -37 38 21 0 33 -13 -16 -4 14 19 -47 -43 -14 6 -17 19 -23 34 37 -31 -24 21 -40 -3 0 8 -30 
-20 -36 34 -32 -35 -11 41 -33 34 48 17 -37 38 21 0 33 -13 -16 -4 14 19 -47 -43 -14 6 -17 19 -23 34 37 -31 -24 21 -40 -3 0 8 -30 
-30 8 0 -3 -40 21 -24 -31 37 34 -23 19 -17 6 -14 -43 -47 19 14 -4 -16 -13 33 0 21 38 -37 17 48 34 -33 41 -35 -32 34 -36 -20 
-30 8 0 -3 -40 21 -24 -31 37 34 -23 19 -17 6 -14 -43 -47 19 14 -4 -16 -13 33 42 0 21 38 -37 17 48 34 -33 41 -35 -32 34 -36 -20 
-30 8 0 -3 -40 21 -24 -31 37 34 -23 19 -17 6 -14 -43 -47 19 14 -4 -16 -13 33 42 0 21 38 -37 17 48 34 -33 41 -35 -32 34 -36 -20 12 
39
