-18 
47 -18 
47 -18 23 
11 47 -18 23 
11 -34 47 -18 23 
11 -34 47 -18 23 8 
-27 11 -34 47 -18 23 8 
-27 11 -34 47 -18 23 8 14 
37 -27 11 -34 47 -18 23 8 14 
37 -27 11 -40 -34 47 -18 23 8 14 
18 37 -27 11 -40 -34 47 -18 23 8 14 
-45 18 37 -27 11 -40 -34 47 -18 23 8 14 
-45 18 37 -27 11 -40 -34 47 -18 23 24 8 14 
-45 18 37 -27 11 -40 -34 47 -18 23 -35 24 8 14 
-45 18 37 -27 11 -40 -34 47 -18 23 -35 24 8 14 -48 
-45 18 37 -27 -26 11 -40 -34 47 -18 23 -35 24 8 14 -48 
-36 -45 18 37 -27 -26 11 -40 -34 47 -18 23 -35 24 8 14 -48 
-36 -45 18 37 -27 -26 11 -40 -34 47 -18 23 -35 24 8 14 -48 38 
-36 -45 18 37 -27 -26 -39 11 -40 -34 47 -18 23 -35 24 8 14 -48 38 
-36 -45 18 37 -27 -26 -39 11 -40 -34 47 -18 23 -35 24 8 14 -48 38 -1 
-36 -45 18 37 -27 -26 -39 11 -40 -34 47 -18 23 -35 24 8 14 -48 38 
-32 -36 -45 18 37 -27 -26 -39 11 -40 -34 47 -18 23 -35 24 8 14 -48 38 
-32 -11 -36 -45 18 37 -27 -26 -39 11 -40 -34 47 -18 23 -35 24 8 14 -48 38 
-32
-32 -11 -36 -45 18 37 -27 -26 -39 11 -40 -34 47 -18 23 -35 24 8 14 -48 38 31 
-32 -32 -11 -36 -45 18 37 -27 -26 -39 11 -40 -34 47 -18 23 -35 24 8 14 -48 38 31 
23
-32 -32 40 -11 -36 -45 18 37 -27 -26 -39 11 -40 -34 47 -18 23 -35 24 8 14 -48 38 31 
-32 -32 40 -11 -36 -45 18 37 -27 -26 -39 11 -40 -34 47 -18 23 -35 24 8 14 -48 38 
23
-32 -32 40 -11 -36 -45 18 37 -27 -26 -39 11 -40 -34 47 -18 23 -35 24 8 14 -48 
10 -32 -32 40 -11 -36 -45 18 37 -27 -26 -39 11 -40 -34 47 -18 23 -35 24 8 14 -48 
-32 -32 40 -11 -36 -45 18 37 -27 -26 -39 11 -40 -34 47 -18 23 -35 24 8 14 -48 
-31 -32 -32 40 -11 -36 -45 18 37 -27 -26 -39 11 -40 -34 47 -18 23 -35 24 8 14 -48 
-32 -31 -32 -32 40 -11 -36 -45 18 37 -27 -26 -39 11 -40 -34 47 -18 23 -35 24 8 14 -48 
-32 -31 -32 -32 40 -11 -36 -45 18 37 -27 -26 -39 11 -40 -34 47 -18 23 -35 24 8 14 -48 -34 
-31 -32 -32 40 -11 -36 -45 18 37 -27 -26 -39 11 -40 -34 47 -18 23 -35 24 8 14 -48 -34 
-31 -32 -32 40 -11 -36 -45 18 37 -27 -26 -39 11 -40 -34 47 -18 23 -35 24 8 14 -48 
-32 -32 40 -11 -36 -45 18 37 -27 -26 -39 11 -40 -34 47 -18 23 -35 24 8 14 -48 
22
-32 -32 40 -11 -36 -45 18 37 -27 -40 -26 -39 11 -40 -34 47 -18 23 -35 24 8 14 -48 
-32 40 -11 -36 -45 18 37 -27 -40 -26 -39 11 -40 -34 47 -18 23 -35 24 8 14 -48 
-32
40 -11 -36 -45 18 37 -27 -40 -26 -39 11 -40 -34 47 -18 23 -35 24 8 14 -48 
40 -11 -36 -45 18 37 -27 -40 -26 -39 11 -40 -34 47 -18 23 -35 24 8 14 -48 -17 
49 40 -11 -36 -45 18 37 -27 -40 -26 -39 11 -40 -34 47 -18 23 -35 24 8 14 -48 -17 
-43 49 40 -11 -36 -45 18 37 -27 -40 -26 -39 11 -40 -34 47 -18 23 -35 24 8 14 -48 -17 
-43 49 40 -11 -36 -45 18 37 -27 -40 -26 -39 11 -40 -34 47 -18 23 -35 24 8 14 -48 
-43 49 40 -11 -36 -45 18 37 -27 -40 -26 -39 11 -40 -34 47 -18 23 -35 24 8 14 -48 13 
-43 49 40 -11 -36 -45 18 37 -27 -40 -26 -39 11 -40 -34 47 -18 23 -35 24 8 14 -48 
-43 49 40 -11 -36 18 37 -27 -40 -26 -39 11 -40 -34 47 -18 23 -35 24 8 14 -48 
-43 49 40 -11 -36 -17 18 37 -27 -40 -26 -39 11 -40 -34 47 -18 23 -35 24 8 14 -48 
23
49 40 -11 -36 -17 18 37 -27 -40 -26 -39 11 -40 -34 47 -18 23 -35 24 8 14 -48 
49 40 -11 -36 -17 18 37 -27 -40 -26 -39 -40 11 -40 -34 47 -18 23 -35 24 8 14 -48 
49 40 -11 -36 -17 18 37 -27 -40 -26 -39 -40 11 -40 -34 47 -18 23 -35 24 8 14 -48 -32 
49 40 -11 -36 -17 18 37 -27 -40 -26 -39 -40 11 -40 -34 47 -18 23 -35 24 8 14 -48 
49 40 -11 -36 -17 18 37 -27 -40 -26 -39 -40 11 -40 -34 47 -18 23 -35 24 8 14 -48 -50 
49 40 -11 -36 -17 18 37 -27 -40 -26 -39 -40 11 -40 -34 47 -18 23 -35 24 8 14 -48 -50 50 
-29 49 40 -11 -36 -17 18 37 -27 -40 -26 -39 -40 11 -40 -34 47 -18 23 -35 24 8 14 -48 -50 50 
-29 49 40 -11 -36 18 37 -27 -40 -26 -39 -40 11 -40 -34 47 -18 23 -35 24 8 14 -48 -50 50 
-29 49 40 -11 -36 18 37 -27 37 -40 -26 -39 -40 11 -40 -34 47 -18 23 -35 24 8 14 -48 -50 50 
-29 49 40 -11 -36 18 37 -27 37 -40 -26 -39 -40 11 -40 -34 47 -18 23 -35 24 8 14 -48 -50 
-29 49 40 -11 -36 18 37 -27 37 -40 -26 -39 -40 11 -40 -34 47 -18 23 -35 24 8 14 -48 -50 -17 
-29 49 40 -11 -36 18 37 -27 37 -40 -26 -39 -40 11 -40 -34 47 -18 23 -35 24 8 14 -48 -50 
-29 49 40 -11 -36 18 37 -27 37 -40 -26 -39 -40 11 -40 -34 47 -18 23 -35 24 8 14 -48 -50 25 
-29 49 40 -11 -36 18 37 -27 37 -40 -26 -39 -40 11 -40 -34 47 -18 23 -35 24 8 14 -48 -50 25 -31 
49 40 -11 -36 18 37 -27 37 -40 -26 -39 -40 11 -40 -34 47 -18 23 -35 24 8 14 -48 -50 25 -31 
49 40 -11 -36 18 37 -27 37 -40 -26 -39 -40 11 -40 -34 47 -18 23 -35 24 8 14 -48 -50 25 -31 -18 
35 49 40 -11 -36 18 37 -27 37 -40 -26 -39 -40 11 -40 -34 47 -18 23 -35 24 8 14 -48 -50 25 -31 -18 
35 49 40 -11 -36 18 37 -27 37 -40 -26 -39 -40 11 -40 -34 47 -18 23 -35 24 8 14 -48 -50 25 -31 -18 15 
11
35 49 40 -11 -36 18 37 -27 37 -40 -26 -39 -40 11 -40 -34 47 -18 23 -35 24 8 -28 14 -48 -50 25 -31 -18 15 
35 49 40 -11 15 -36 18 37 -27 37 -40 -26 -39 -40 11 -40 -34 47 -18 23 -35 24 8 -28 14 -48 -50 25 -31 -18 15 
35 49 40 -11 15 -36 18 37 -27 37 -40 -26 -39 -40 11 -40 -34 47 -18 23 -35 24 8 -28 14 -48 -50 25 -31 -18 15 -12 
35 49 40 -11 15 -36 18 37 -27 37 -40 -26 -39 -40 11 -40 -34 47 -18 23 -35 24 8 -28 14 -48 -50 25 -31 -18 -42 15 -12 
33
-4 35 49 40 -11 15 -36 18 37 -27 37 -40 -26 -39 -40 11 -40 -34 47 -18 23 -35 24 8 -28 14 -48 -50 25 -31 -18 -42 15 -12 
34
-4 35 49 40 -11 15 -36 18 37 -27 37 -40 -26 -39 -40 11 -40 -34 47 -18 23 -35 24 8 -28 14 -48 -50 25 -31 -18 -42 15 -12 -47 
-4 35 49 40 -11 15 -36 18 37 -27 37 -40 -26 -39 -40 11 -40 -34 47 -18 23 -35 24 8 -28 14 -48 -50 25 -31 -18 -42 15 -12 -47 46 
35 49 40 -11 15 -36 18 37 -27 37 -40 -26 -39 -40 11 -40 -34 47 -18 23 -35 24 8 -28 14 -48 -50 25 -31 -18 -42 15 -12 -47 46 
-9 35 49 40 -11 15 -36 18 37 -27 37 -40 -26 -39 -40 11 -40 -34 47 -18 23 -35 24 8 -28 14 -48 -50 25 -31 -18 -42 15 -12 -47 46 
-9 35 49 40 -11 15 -36 18 37 -27 37 -40 -26 -39 -40 11 -40 -34 47 -18 23 -35 24 8 -28 14 -48 -50 25 -31 -18 -42 15 -12 -47 46 49 
-9 35 49 40 -11 15 -36 18 37 -27 37 -40 -26 -39 -40 11 -40 -34 47 -18 23 -35 24 8 -28 14 -48 -50 25 -31 -18 -42 15 -12 -47 46 
-9 35 49 40 24 -11 15 -36 18 37 -27 37 -40 -26 -39 -40 11 -40 -34 47 -18 23 -35 24 8 -28 14 -48 -50 25 -31 -18 -42 15 -12 -47 46 
-44 -9 35 49 40 24 -11 15 -36 18 37 -27 37 -40 -26 -39 -40 11 -40 -34 47 -18 23 -35 24 8 -28 14 -48 -50 25 -31 -18 -42 15 -12 -47 46 
-44 -9 35 49 40 24 -11 15 -36 18 37 -27 37 -40 -26 -39 -40 11 -40 -34 47 -18 23 -35 24 8 -28 14 -48 -50 25 -31 -18 -42 15 -12 11 -47 46 
-44 -9 35 49 40 24 -11 15 -36 18 37 -27 37 -40 -26 -39 -40 11 -40 -34 47 -18 23 -35 24 8 -28 14 -48 -50 25 -31 -18 -42 -48 15 -12 11 -47 46 
-22 -44 -9 35 49 40 24 -11 15 -36 18 37 -27 37 -40 -26 -39 -40 11 -40 -34 47 -18 23 -35 24 8 -28 14 -48 -50 25 -31 -18 -42 -48 15 -12 11 -47 46 
39 -22 -44 -9 35 49 40 24 -11 15 -36 18 37 -27 37 -40 -26 -39 -40 11 -40 -34 47 -18 23 -35 24 8 -28 14 -48 -50 25 -31 -18 -42 -48 15 -12 11 -47 46 
39 -22 -44 -9 35 49 40 24 -11 15 -36 18 37 -27 37 -40 -26 -39 -40 11 -40 -34 47 -18 23 -35 24 8 -28 14 -48 -50 25 -31 -18 -42 -48 15 -12 11 -47 46 -3 
-40
-22
-6 39 -22 -44 -9 35 49 40 24 -11 15 -36 18 37 -27 37 -40 -26 -39 -40 11 -40 -34 47 -18 23 -35 24 8 -28 14 -48 -50 25 -31 -18 -42 -48 15 -12 11 -47 46 -3 
-6 39 -22 -44 -9 35 49 40 24 -11 15 -36 18 37 -27 37 -40 -26 -39 -40 11 -40 -34 47 -18 23 -35 24 8 18 -28 14 -48 -50 25 -31 -18 -42 -48 15 -12 11 -47 46 -3 
-6 39 -22 -44 -9 35 49 40 24 -11 15 -36 18 37 -27 37 -40 -26 -39 -40 11 -40 -34 47 -18 23 -35 24 8 18 -28 14 -48 -50 25 -31 -18 -42 -48 15 -12 11 -47 46 -3 -9 
-6 39 -22 -44 -9 35 49 40 24 -11 15 -36 18 37 -27 37 -40 -26 -39 -40 11 -40 -34 47 -18 23 -35 24 8 18 -28 14 -48 -50 25 -31 -18 -42 -48 15 -12 11 -47 46 -3 -9 43 
25
10 -6 39 -22 -44 -9 35 49 40 24 -11 15 -36 18 37 -27 37 -40 -26 -39 -40 11 -40 -34 47 -18 23 -35 24 8 18 -28 14 -48 -50 25 -31 -18 -42 -48 15 -12 11 -47 46 -3 -9 43 
