271 301.000000 539.000000 135.000000 62.000000 126.000000
330 439.000000 807.000000 202.000000 75.000000 147.000000
491 935.000000 1755.000000 462.000000 116.000000 225.000000
222 213.000000 375.000000 92.000000 45.000000 94.000000
381 572.000000 1073.000000 278.000000 76.000000 68.000000
461 321.000000 585.000000 147.000000 42.000000 84.000000
146 37.000000 70.000000 18.000000 13.000000 24.000000
259 107.000000 200.000000 51.000000 22.000000 43.000000
172 51.000000 90.000000 22.000000 12.000000 29.000000
499 398.000000 690.000000 179.000000 45.000000 90.000000
