74 
-18 74 
97 -18 74 
74 97 -18 74 
84 74 97 -18 74 
5
84
-46 74 97 -18 74 
5
0
-46
4
4
74
-59 97 -18 74 
-61 -59 97 -18 74 
0
35 -61 -59 97 -18 74 
0
0
89 35 -61 -59 97 -18 74 
89
0
6
35
-33 -61 -59 97 -18 74 
6
-5 -33 -61 -59 97 -18 74 
75 -5 -33 -61 -59 97 -18 74 
0
53 75 -5 -33 -61 -59 97 -18 74 
93 53 75 -5 -33 -61 -59 97 -18 74 
0
93
53
-70 75 -5 -33 -61 -59 97 -18 74 
76 -70 75 -5 -33 -61 -59 97 -18 74 
76
9
0
9
-59 -70 75 -5 -33 -61 -59 97 -18 74 
10
10
-7 -59 -70 75 -5 -33 -61 -59 97 -18 74 
-36 -7 -59 -70 75 -5 -33 -61 -59 97 -18 74 
0
32 -36 -7 -59 -70 75 -5 -33 -61 -59 97 -18 74 
32
-36
-7
10
-59
-73 -70 75 -5 -33 -61 -59 97 -18 74 
0
-74 -73 -70 75 -5 -33 -61 -59 97 -18 74 
0
-18 -74 -73 -70 75 -5 -33 -61 -59 97 -18 74 
31 -18 -74 -73 -70 75 -5 -33 -61 -59 97 -18 74 
-23 31 -18 -74 -73 -70 75 -5 -33 -61 -59 97 -18 74 
-23
31
92 -18 -74 -73 -70 75 -5 -33 -61 -59 97 -18 74 
0
0
38 92 -18 -74 -73 -70 75 -5 -33 -61 -59 97 -18 74 
38
13
60 92 -18 -74 -73 -70 75 -5 -33 -61 -59 97 -18 74 
18 60 92 -18 -74 -73 -70 75 -5 -33 -61 -59 97 -18 74 
47 18 60 92 -18 -74 -73 -70 75 -5 -33 -61 -59 97 -18 74 
-44 47 18 60 92 -18 -74 -73 -70 75 -5 -33 -61 -59 97 -18 74 
-44
16
47
18
0
14
29 60 92 -18 -74 -73 -70 75 -5 -33 -61 -59 97 -18 74 
37 29 60 92 -18 -74 -73 -70 75 -5 -33 -61 -59 97 -18 74 
-87 37 29 60 92 -18 -74 -73 -70 75 -5 -33 -61 -59 97 -18 74 
0
-92 -87 37 29 60 92 -18 -74 -73 -70 75 -5 -33 -61 -59 97 -18 74 
43 -92 -87 37 29 60 92 -18 -74 -73 -70 75 -5 -33 -61 -59 97 -18 74 
19
0
19
-27 43 -92 -87 37 29 60 92 -18 -74 -73 -70 75 -5 -33 -61 -59 97 -18 74 
20
-25 -27 43 -92 -87 37 29 60 92 -18 -74 -73 -70 75 -5 -33 -61 -59 97 -18 74 
0
0
-16 -25 -27 43 -92 -87 37 29 60 92 -18 -74 -73 -70 75 -5 -33 -61 -59 97 -18 74 
-94 -16 -25 -27 43 -92 -87 37 29 60 92 -18 -74 -73 -70 75 -5 -33 -61 -59 97 -18 74 
23
-14 -94 -16 -25 -27 43 -92 -87 37 29 60 92 -18 -74 -73 -70 75 -5 -33 -61 -59 97 -18 74 
-14
23
0
-94
