50 
-53 50 
87 -53 50 
17 87 -53 50 
-69 17 87 -53 50 
0
-69
68 17 87 -53 50 
5
63 68 17 87 -53 50 
97 63 68 17 87 -53 50 
97
-27 63 68 17 87 -53 50 
-27
0
1 63 68 17 87 -53 50 
7
41 1 63 68 17 87 -53 50 
41
7 1 63 68 17 87 -53 50 
-48 7 1 63 68 17 87 -53 50 
20 -48 7 1 63 68 17 87 -53 50 
20
11 -48 7 1 63 68 17 87 -53 50 
-8 11 -48 7 1 63 68 17 87 -53 50 
0
11
-8
11
9
-48
7
7
79 1 63 68 17 87 -53 50 
61 79 1 63 68 17 87 -53 50 
9
-96 61 79 1 63 68 17 87 -53 50 
0
0
0
0
-96
77 61 79 1 63 68 17 87 -53 50 
77
61
8
79
0
7
18 1 63 68 17 87 -53 50 
-36 18 1 63 68 17 87 -53 50 
9
-50 -36 18 1 63 68 17 87 -53 50 
10
0
10
10
10
0
10
0
14 -50 -36 18 1 63 68 17 87 -53 50 
11
-90 14 -50 -36 18 1 63 68 17 87 -53 50 
-90
0
0
0
-46 14 -50 -36 18 1 63 68 17 87 -53 50 
12 -46 14 -50 -36 18 1 63 68 17 87 -53 50 
13
13
13
-62 12 -46 14 -50 -36 18 1 63 68 17 87 -53 50 
14
-62
0
13
0
13
0
-19 12 -46 14 -50 -36 18 1 63 68 17 87 -53 50 
-19
13
-11 12 -46 14 -50 -36 18 1 63 68 17 87 -53 50 
0

-11
12
12
80 -46 14 -50 -36 18 1 63 68 17 87 -53 50 
80
27 -46 14 -50 -36 18 1 63 68 17 87 -53 50 
27
-46
14
32 -50 -36 18 1 63 68 17 87 -53 50 
32
10
-50
