7 8 10 11 13 14 
4 17 28 31 36 44 47 50 65 85 87 92 95 
5 7 17 46 46 48 48 53 59 60 68 70 71 73 85 
4 4 4 6 6 7 7 8 8 8 8 
0 0 3 3 5 6 6 8 13 14 16 17 17 19 20 21 26 27 30 32 34 36 36 37 38 38 39 40 40 42 45 46 47 47 47 48 50 51 52 52 54 55 59 59 60 60 63 64 67 69 
3 6 8 11 14 16 18 18 19 27 28 30 31 39 40 40 40 41 41 42 45 48 49 56 
0 2 2 7 9 9 12 12 12 12 13 17 19 20 22 23 23 28 28 28 31 32 33 36 41 41 42 42 42 44 45 45 46 
0 1 4 7 8 9 9 11 12 14 17 20 21 24 24 25 27 31 33 34 34 35 36 37 38 39 41 42 43 48 54 55 56 57 58 59 60 63 68 72 75 82 87 88 89 90 
6 6 9 13 15 17 18 19 21 24 26 28 29 32 35 35 36 40 41 44 49 58 62 66 66 66 66 67 70 75 76 82 82 83 89 92 
1 7 8 12 13 15 17 25 33 35 36 41 46 46 52 55 55 65 65 69 71 73 
