-992 -860 -655 -650 -637 -634 -611 -605 -590 -560 -534 -497 -477 -465 -390 -323 -302 -294 -293 -213 -201 -189 -160 -141 16 99 123 128 219 226 246 342 346 391 402 409 439 476 493 511 562 565 584 588 767 770 857 944 
-992 -860 -655 -650 -637 -634 -611 -605 -590 -560 -534 -497 -477 -465 -390 -323 -302 -294 -293 -213 -201 -189 -160 -141 16 99 123 128 219 226 246 342 346 391 402 409 439 476 493 511 562 565 584 588 767 770 857 944 
-992 -860 -655 -650 -637 -634 -611 -605 -590 -560 -534 -497 -477 -465 -390 -323 -302 -294 -293 -213 -201 -189 -160 -141 16 99 123 128 219 226 246 342 346 391 402 409 439 476 493 511 562 565 584 588 767 770 857 944 
-992 -860 -655 -650 -637 -634 -611 -605 -590 -560 -534 -497 -477 -465 -390 -323 -302 -294 -293 -213 -201 -189 -160 -141 16 99 123 128 219 226 246 342 346 391 402 409 439 476 493 511 562 565 584 588 767 770 857 944 
-992 -860 -655 -650 -637 -634 -611 -605 -590 -560 -534 -497 -477 -465 -390 -323 -302 -294 -293 -213 -201 -189 -160 -141 16 99 123 128 219 226 246 342 346 391 402 409 439 476 493 511 562 565 584 588 767 770 857 944 
-584 -517 -441 -268 -49 35 191 429 487 922 972 
-584 -517 -441 -268 -49 35 191 429 487 922 972 
-584 -517 -441 -268 -49 35 191 429 487 922 972 
-584 -517 -441 -268 -49 35 191 429 487 922 972 
-584 -517 -441 -268 -49 35 191 429 487 922 972 
-576 -501 -181 -55 -22 262 818 848 
-576 -501 -181 -55 -22 262 818 848 
-576 -501 -181 -55 -22 262 818 848 
-576 -501 -181 -55 -22 262 818 848 
-576 -501 -181 -55 -22 262 818 848 
-895 -628 -132 127 481 522 569 
-895 -628 -132 127 481 522 569 
-895 -628 -132 127 481 522 569 
-895 -628 -132 127 481 522 569 
-895 -628 -132 127 481 522 569 
-815 -705 -683 -666 -159 -11 45 150 198 203 334 441 558 558 584 771 821 889 906 
-815 -705 -683 -666 -159 -11 45 150 198 203 334 441 558 558 584 771 821 889 906 
-815 -705 -683 -666 -159 -11 45 150 198 203 334 441 558 558 584 771 821 889 906 
-815 -705 -683 -666 -159 -11 45 150 198 203 334 441 558 558 584 771 821 889 906 
-815 -705 -683 -666 -159 -11 45 150 198 203 334 441 558 558 584 771 821 889 906 
-970 -934 -825 -603 -528 -426 -360 -283 -184 -165 -53 52 345 356 653 675 729 845 959 
-970 -934 -825 -603 -528 -426 -360 -283 -184 -165 -53 52 345 356 653 675 729 845 959 
-970 -934 -825 -603 -528 -426 -360 -283 -184 -165 -53 52 345 356 653 675 729 845 959 
-970 -934 -825 -603 -528 -426 -360 -283 -184 -165 -53 52 345 356 653 675 729 845 959 
-970 -934 -825 -603 -528 -426 -360 -283 -184 -165 -53 52 345 356 653 675 729 845 959 
-954 -942 -908 -784 -747 -690 -437 -187 132 580 681 718 743 804 815 820 
-954 -942 -908 -784 -747 -690 -437 -187 132 580 681 718 743 804 815 820 
-954 -942 -908 -784 -747 -690 -437 -187 132 580 681 718 743 804 815 820 
-954 -942 -908 -784 -747 -690 -437 -187 132 580 681 718 743 804 815 820 
-954 -942 -908 -784 -747 -690 -437 -187 132 580 681 718 743 804 815 820 
-248 -35 168 224 246 266 360 533 
-248 -35 168 224 246 266 360 533 
-248 -35 168 224 246 266 360 533 
-248 -35 168 224 246 266 360 533 
-248 -35 168 224 246 266 360 533 
-615 -513 -203 -14 -9 173 201 387 669 672 704 780 894 
-615 -513 -203 -14 -9 173 201 387 669 672 704 780 894 
-615 -513 -203 -14 -9 173 201 387 669 672 704 780 894 
-615 -513 -203 -14 -9 173 201 387 669 672 704 780 894 
-615 -513 -203 -14 -9 173 201 387 669 672 704 780 894 
-927 -913 -857 -828 -816 -779 -745 -715 -595 -576 -531 -529 -521 -520 -510 -386 -341 -264 -261 -212 -189 -172 -137 -44 -26 -21 -10 0 88 119 127 178 384 516 570 578 638 646 682 748 788 790 844 974 
-927 -913 -857 -828 -816 -779 -745 -715 -595 -576 -531 -529 -521 -520 -510 -386 -341 -264 -261 -212 -189 -172 -137 -44 -26 -21 -10 0 88 119 127 178 384 516 570 578 638 646 682 748 788 790 844 974 
-927 -913 -857 -828 -816 -779 -745 -715 -595 -576 -531 -529 -521 -520 -510 -386 -341 -264 -261 -212 -189 -172 -137 -44 -26 -21 -10 0 88 119 127 178 384 516 570 578 638 646 682 748 788 790 844 974 
-927 -913 -857 -828 -816 -779 -745 -715 -595 -576 -531 -529 -521 -520 -510 -386 -341 -264 -261 -212 -189 -172 -137 -44 -26 -21 -10 0 88 119 127 178 384 516 570 578 638 646 682 748 788 790 844 974 
-927 -913 -857 -828 -816 -779 -745 -715 -595 -576 -531 -529 -521 -520 -510 -386 -341 -264 -261 -212 -189 -172 -137 -44 -26 -21 -10 0 88 119 127 178 384 516 570 578 638 646 682 748 788 790 844 974 
