8 2 
-84 
117 
-89 84 
127 
1 40 
62 96 
-93 23 
97 -29 
91 28 
-71 5 
-1354 
410 
614 
-96 
-54 
-64 
-850 
1296 
-436 
-566 
636 
100 23 -6 -80 58 -22 
-15 22 72 44 59 
-56 -36 -83 -93 63 
-97 68 -25 -11 
-77 86 35 51 35 
88 86 -4 55 79 -73 
34 58 -66 73 7 33 
-99 -7 -86 -36 -49 
86 14 44 -48 
-30 38 -88 60 41 
-50 97 -69 -96 
26 91 -49 -13 32 
54 91 
-45 -86 
-42 -91 
-94 -60 
19 14 
-18 44 
71 -11 
-21 2 
91 66 
-63 -90 
-53 -93 
-961 
-24 
-302 
93 
-1037 
310 
-99 
687 
-507 
647 
313 
466 
383 
422 
960 
18 -61 -86 43 50 
-96 78 -14 79 83 -71 
-99 28 -85 67 10 
-70 -25 89 27 60 
-89 -9 68 86 -18 75 
90 91 -34 -31 87 88 
1 40 -55 -83 -25 -93 
6 -64 -37 48 83 
-85 -82 -91 -100 -74 
-93 1 -24 -99 -70 -89 
16 54 -45 27 80 35 
44 
-243 
-41 
482 
274 
713 
569 
78 23 49 45 -83 53 
-44 -99 64 45 -59 
66 -61 1 23 28 -77 
52 21 57 42 30 
19 4 -77 -23 -40 -65 
100 111 73 41 22 
700 
10 
-679 
112 
657 
-196 
-531 
-57 
837 
560 
406 
640 
-26 
425 
92 
735 
-381 
181 
216 
-126 
-471 
-566 
-56 
-204 
-459 
-44 53 99 -12 -83 85 
-64 -48 139 49 
86 -70 4 75 -63 
-60 56 88 -71 -15 
-92 -1 96 45 -44 -70 
-17 60 -77 -43 4 -55 
-46 81 52 -50 -74 
143 
-33 83 
-98 25 
-104 
-30 -14 
-19 99 
-24 -16 
-58 -53 
75 -68 
51 
51 -69 
96 -17 
55 13 -60 -47 
-53 92 105 
45 59 -66 69 
-45 -8 84 -47 
-76 39 -97 68 
69 -96 77 -6 
95 -72 2 
87 74 61 -11 
16 0 80 
93 75 -69 -19 
-130 88 70 
-72 28 80 -58 
57 -58 32 51 
13 99 
22 27 
-97 -21 
-73 73 
81 16 
-21 
146 
-86 -93 
14 
-6 
-64 -43 
93 70 
-4 65 
2 53 
10 62 
52 78 49 8 -20 
33 -86 -13 -10 69 -90 
1 56 -5 66 25 42 
-80 70 5 98 44 
-95 -77 45 47 95 -93 
-21 8 5 -37 -16 79 
132 87 77 -98 
-112 90 -95 37 
-14 -90 78 98 0 
-72 49 -72 54 -108 
-26 -11 32 30 45 
49 -47 57 -38 -39 
-38 -51 -88 -76 42 16 
20 -68 10 72 -18 -15 
-89 28 -22 44 -39 
410 
108 
-30 
15 
-318 
-6 
-66 
18 
-10 -90 62 27 127 
-50 70 6 -22 -56 
-57 -74 75 -28 70 72 
79 80 -55 -50 
-106 -57 -24 97 49 
-7 33 27 128 27 
53 19 -88 49 
18 36 -79 78 -12 
-31 -57 -91 -72 -33 -28 
-77 71 -6 -44 35 -62 
56 170 -1 22 
88 64 49 41 5 
70 -95 2 45 -75 
-4 -7 23 
-40 -130 47 
35 -174 25 
-91 -38 -99 74 
-77 -1 -29 
79 91 19 
-65 18 -15 
86 
140 
350 
-360 
0 
-282 
-960 
495 
-196 
-122 
-990 
-318 
-91 
208 
700 
76 
